%YAML:1.0
Mat: !!opencv-matrix
   rows: 3
   cols: 3
   dt: d
   data: [ 9.9715350490216625e-01, -1.3977198796352104e-02,
       -7.4091332658634906e-02, 9.7204439863852587e-03,
       9.9829788672623498e-01, -5.7505150435770640e-02,
       7.4768981737300622e-02, 5.6621261657970143e-02,
       9.9559210126347775e-01 ]
