%YAML:1.0
cameraMatrix: !!opencv-matrix
   rows: 3
   cols: 3
   dt: d
   data: [ 3.5751465219705096e+02, 0., 1.5951012342332629e+02, 0.,
       4.8028270260769204e+02, 1.1908613788837420e+02, 0., 0., 1. ]
imageSize_width: 320
imageSize_height: 240
sensorSize_width: 0
sensorSize_height: 0
distCoeffs: !!opencv-matrix
   rows: 5
   cols: 1
   dt: d
   data: [ 3.8619206246325859e-02, -5.8778635789876432e-01,
       1.9539240378699547e-03, 1.9446179483421718e-04,
       2.0001511870633366e+00 ]
reprojectionError: 1.2704452872276306e-01
features:
   - [ 2.66876495e+02, 1.12048958e+02, 2.64912415e+02, 1.37654709e+02,
       2.62963013e+02, 1.63110413e+02, 2.60974701e+02, 1.88725967e+02,
       2.56656708e+02, 1.23549660e+02, 2.54701172e+02, 1.49164032e+02,
       2.52711487e+02, 1.74849167e+02, 2.50699753e+02, 2.00216461e+02,
       2.48255920e+02, 1.09437424e+02, 2.46281082e+02, 1.34864609e+02,
       2.44356033e+02, 1.60590393e+02, 2.42309113e+02, 1.86019028e+02,
       2.37976242e+02, 1.20614708e+02, 2.36028366e+02, 1.46381729e+02,
       2.34013672e+02, 1.72147873e+02, 2.31971802e+02, 1.97832687e+02,
       2.29578903e+02, 1.06491913e+02, 2.27635651e+02, 1.32361252e+02,
       2.25620850e+02, 1.58091858e+02, 2.23615631e+02, 1.83951294e+02,
       2.19147583e+02, 1.17984268e+02, 2.17178925e+02, 1.43773453e+02,
       2.15185593e+02, 1.69679504e+02, 2.13146118e+02, 1.95582428e+02,
       2.10688324e+02, 1.03896057e+02, 2.08716904e+02, 1.29431030e+02,
       2.06726547e+02, 1.55336136e+02, 2.04704605e+02, 1.81346710e+02,
       2.00126175e+02, 1.14996109e+02, 1.98187805e+02, 1.41013489e+02,
       1.96157410e+02, 1.67045258e+02, 1.94106918e+02, 1.92987335e+02,
       1.91609818e+02, 1.00860664e+02, 1.89641602e+02, 1.26843483e+02,
       1.87666733e+02, 1.52833511e+02, 1.85569519e+02, 1.78954636e+02,
       1.81015671e+02, 1.12475601e+02, 1.79007599e+02, 1.38537994e+02,
       1.76984634e+02, 1.64787277e+02, 1.74952377e+02, 1.90624283e+02,
       1.72337509e+02, 9.81345444e+01, 1.70342972e+02, 1.24235390e+02,
       1.68319565e+02, 1.50389450e+02, 1.66274475e+02, 1.76283707e+02 ]
   - [ 2.23798294e+02, 9.42804031e+01, 2.24022415e+02, 1.18623459e+02,
       2.24212067e+02, 1.42753693e+02, 2.24519089e+02, 1.67372467e+02,
       2.15055206e+02, 1.06236031e+02, 2.15302734e+02, 1.30823822e+02,
       2.15554657e+02, 1.55274063e+02, 2.15839020e+02, 1.79990250e+02,
       2.06103546e+02, 9.42996750e+01, 2.06355469e+02, 1.18823578e+02,
       2.06579666e+02, 1.43301926e+02, 2.06849884e+02, 1.67881058e+02,
       1.97314774e+02, 1.06418686e+02, 1.97568481e+02, 1.31006577e+02,
       1.97791901e+02, 1.55614136e+02, 1.97980652e+02, 1.80603470e+02,
       1.88222961e+02, 9.43158340e+01, 1.88488892e+02, 1.18982033e+02,
       1.88709625e+02, 1.43589294e+02, 1.88943100e+02, 1.68357193e+02,
       1.79265656e+02, 1.06440300e+02, 1.79537384e+02, 1.31232666e+02,
       1.79781342e+02, 1.56154068e+02, 1.79963989e+02, 1.81201385e+02,
       1.70103027e+02, 9.43238754e+01, 1.70287643e+02, 1.19088371e+02,
       1.70555756e+02, 1.43863678e+02, 1.70745346e+02, 1.69109146e+02,
       1.61026230e+02, 1.06556084e+02, 1.61164413e+02, 1.31597916e+02,
       1.61389023e+02, 1.56719223e+02, 1.61661316e+02, 1.81747635e+02,
       1.51777573e+02, 9.43289566e+01, 1.51952835e+02, 1.19301857e+02,
       1.52066025e+02, 1.44262268e+02, 1.52228867e+02, 1.69566757e+02,
       1.42516632e+02, 1.06719002e+02, 1.42755722e+02, 1.32004257e+02,
       1.42864014e+02, 1.57149353e+02, 1.42999725e+02, 1.82605652e+02,
       1.33037354e+02, 9.42761002e+01, 1.33125885e+02, 1.19443520e+02,
       1.33347046e+02, 1.44609558e+02, 1.33520126e+02, 1.70065430e+02 ]
   - [ 2.43043961e+02, 1.07216888e+02, 2.40009125e+02, 1.31731949e+02,
       2.37015900e+02, 1.56273117e+02, 2.34039337e+02, 1.80870193e+02,
       2.32181091e+02, 1.17532974e+02, 2.29187927e+02, 1.42033051e+02,
       2.26277786e+02, 1.66453506e+02, 2.23272583e+02, 1.90781631e+02,
       2.24398651e+02, 1.03535629e+02, 2.21428360e+02, 1.27888535e+02,
       2.18543762e+02, 1.52220917e+02, 2.15573868e+02, 1.76358643e+02,
       2.13757324e+02, 1.13608139e+02, 2.10830917e+02, 1.38083313e+02,
       2.07890686e+02, 1.62292847e+02, 2.04980927e+02, 1.86493454e+02,
       2.06109604e+02, 9.93330765e+01, 2.03070511e+02, 1.24036537e+02,
       2.00117401e+02, 1.48244720e+02, 1.97252579e+02, 1.72257141e+02,
       1.95454941e+02, 1.09879395e+02, 1.92560303e+02, 1.34110092e+02,
       1.89725616e+02, 1.58332306e+02, 1.86879715e+02, 1.82380768e+02,
       1.87830948e+02, 9.57094574e+01, 1.84941696e+02, 1.19892448e+02,
       1.82029419e+02, 1.44049377e+02, 1.79172836e+02, 1.68188217e+02,
       1.77257385e+02, 1.05795151e+02, 1.74500000e+02, 1.30073654e+02,
       1.71677383e+02, 1.54259949e+02, 1.68926331e+02, 1.78285248e+02,
       1.69806686e+02, 9.20659637e+01, 1.66944092e+02, 1.16066978e+02,
       1.64068527e+02, 1.40148346e+02, 1.61278442e+02, 1.64132675e+02,
       1.59345306e+02, 1.02160469e+02, 1.56636246e+02, 1.26250160e+02,
       1.53851746e+02, 1.50318390e+02, 1.51011581e+02, 1.74263748e+02,
       1.51924011e+02, 8.81363068e+01, 1.49049942e+02, 1.12271042e+02,
       1.46269852e+02, 1.36122665e+02, 1.43590759e+02, 1.60143768e+02 ]
   - [ 2.40091705e+02, 1.20360954e+02, 2.37668274e+02, 1.45141144e+02,
       2.35223831e+02, 1.69753616e+02, 2.32846878e+02, 1.94310425e+02,
       2.29590149e+02, 1.31214371e+02, 2.27146866e+02, 1.55734009e+02,
       2.24762939e+02, 1.80467865e+02, 2.22300735e+02, 2.04879044e+02,
       2.21516113e+02, 1.17259392e+02, 2.19077133e+02, 1.42002075e+02,
       2.16728149e+02, 1.66443008e+02, 2.14278229e+02, 1.90771332e+02,
       2.11065552e+02, 1.28169647e+02, 2.08760849e+02, 1.52671509e+02,
       2.06218002e+02, 1.76825638e+02, 2.03970078e+02, 2.01209366e+02,
       2.03042053e+02, 1.14169678e+02, 2.00751907e+02, 1.38815430e+02,
       1.98225616e+02, 1.63262299e+02, 1.96007111e+02, 1.87367035e+02,
       1.92792374e+02, 1.24975899e+02, 1.90305084e+02, 1.49388702e+02,
       1.88019791e+02, 1.73685501e+02, 1.85814133e+02, 1.97820129e+02,
       1.84812119e+02, 1.11179741e+02, 1.82410385e+02, 1.35334579e+02,
       1.80102737e+02, 1.59984863e+02, 1.77867798e+02, 1.84123779e+02,
       1.74500000e+02, 1.21763176e+02, 1.72162506e+02, 1.46034592e+02,
       1.69948486e+02, 1.70216003e+02, 1.67664276e+02, 1.94450989e+02,
       1.66555695e+02, 1.08078209e+02, 1.64254669e+02, 1.32483643e+02,
       1.62005417e+02, 1.56569641e+02, 1.59821793e+02, 1.80803055e+02,
       1.56373642e+02, 1.18839859e+02, 1.54104202e+02, 1.42866882e+02,
       1.51909760e+02, 1.67070251e+02, 1.49707321e+02, 1.90963120e+02,
       1.48472153e+02, 1.04913368e+02, 1.46173264e+02, 1.29208542e+02,
       1.44030838e+02, 1.53340256e+02, 1.41857010e+02, 1.77426605e+02 ]
   - [ 2.15967575e+02, 1.13012154e+02, 2.14727814e+02, 1.35325241e+02,
       2.13530746e+02, 1.57720276e+02, 2.12314362e+02, 1.80419296e+02,
       2.08041321e+02, 1.23403717e+02, 2.06815643e+02, 1.45889511e+02,
       2.05550858e+02, 1.68486053e+02, 2.04371567e+02, 1.91031387e+02,
       2.01335342e+02, 1.11380348e+02, 2.00010117e+02, 1.34094177e+02,
       1.98695984e+02, 1.56686707e+02, 1.97431931e+02, 1.79445099e+02,
       1.93064651e+02, 1.21740990e+02, 1.91775421e+02, 1.44470016e+02,
       1.90497955e+02, 1.67632690e+02, 1.89164871e+02, 1.90502792e+02,
       1.86017838e+02, 1.09305099e+02, 1.84728973e+02, 1.32217087e+02,
       1.83468552e+02, 1.55361603e+02, 1.82116547e+02, 1.78798416e+02,
       1.77554153e+02, 1.19696274e+02, 1.76288681e+02, 1.43014679e+02,
       1.74875793e+02, 1.66496307e+02, 1.73526535e+02, 1.90012344e+02,
       1.70438950e+02, 1.07280693e+02, 1.68952911e+02, 1.30662994e+02,
       1.67616150e+02, 1.54129364e+02, 1.66288651e+02, 1.77866379e+02,
       1.61541779e+02, 1.17997360e+02, 1.60214874e+02, 1.41637146e+02,
       1.58778015e+02, 1.65532135e+02, 1.57381012e+02, 1.89504333e+02,
