%YAML:1.0
Mat: !!opencv-matrix
   rows: 3
   cols: 4
   dt: d
   data: [ 4.8028270260769204e+02, 0., 1.8526572799682617e+02, 0., 0.,
       4.8028270260769204e+02, 1.2072233009338379e+02, 0., 0., 0., 1.,
       0. ]
