%YAML:1.0
cameraMatrix: !!opencv-matrix
   rows: 3
   cols: 3
   dt: d
   data: [ 3.6314140971590513e+02, 0., 1.5809720673838279e+02, 0.,
       4.8685573671592289e+02, 1.2200365638638007e+02, 0., 0., 1. ]
imageSize_width: 320
imageSize_height: 240
sensorSize_width: 0
sensorSize_height: 0
distCoeffs: !!opencv-matrix
   rows: 5
   cols: 1
   dt: d
   data: [ 1.0394425912667744e-02, 1.9413832474325096e-01,
       3.3291515350934589e-04, 8.3857869114412759e-04,
       -8.0749340024102634e-01 ]
reprojectionError: 1.2261244654655457e-01
features:
   - [ 1.46665955e+02, 6.06783943e+01, 1.44588547e+02, 8.63483963e+01,
       1.42537140e+02, 1.11771935e+02, 1.40522537e+02, 1.36833267e+02,
       1.36068237e+02, 7.21625290e+01, 1.34048615e+02, 9.77987900e+01,
       1.32065735e+02, 1.23129601e+02, 1.30049240e+02, 1.48283066e+02,
       1.27459839e+02, 5.77343636e+01, 1.25509575e+02, 8.37065430e+01,
       1.23544876e+02, 1.09354637e+02, 1.21619759e+02, 1.34439072e+02,
       1.16802956e+02, 6.91844635e+01, 1.14907150e+02, 9.51257782e+01,
       1.13003166e+02, 1.20385544e+02, 1.11072098e+02, 1.45709473e+02,
       1.07955376e+02, 5.45876007e+01, 1.06107101e+02, 8.06296768e+01,
       1.04246246e+02, 1.06520309e+02, 1.02402222e+02, 1.32021469e+02,
       9.71857300e+01, 6.61270447e+01, 9.54002914e+01, 9.23942032e+01,
       9.35433578e+01, 1.18120857e+02, 9.17627792e+01, 1.43525421e+02,
       8.81913757e+01, 5.15082741e+01, 8.63887939e+01, 7.78844299e+01,
       8.46222610e+01, 1.04000534e+02, 8.28386917e+01, 1.29468277e+02,
       7.72749710e+01, 6.32059250e+01, 7.55273438e+01, 8.92615509e+01,
       7.38309860e+01, 1.15365623e+02, 7.21136780e+01, 1.41132843e+02,
       6.79302444e+01, 4.83394775e+01, 6.63113098e+01, 7.47016983e+01,
       6.46116333e+01, 1.01140160e+02, 6.29530640e+01, 1.27090523e+02,
       5.69358444e+01, 5.99404335e+01, 5.53517113e+01, 8.65900192e+01,
       5.36557198e+01, 1.12895386e+02, 5.20916100e+01, 1.38810364e+02,
       4.73656616e+01, 4.49396248e+01, 4.58031693e+01, 7.19360504e+01,
       4.43108940e+01, 9.84502182e+01, 4.26769333e+01, 1.24624664e+02 ]
   - [ 1.08119247e+02, 4.17603073e+01, 1.08447083e+02, 6.67929153e+01,
       1.08789604e+02, 9.12136459e+01, 1.09020561e+02, 1.15651245e+02,
       9.90216751e+01, 5.42089958e+01, 9.93249130e+01, 7.89112625e+01,
       9.96977463e+01, 1.03880043e+02, 1.00007034e+02, 1.28037445e+02,
       8.93770065e+01, 4.15236702e+01, 8.98350525e+01, 6.67511063e+01,
       9.01618881e+01, 9.14862442e+01, 9.05790939e+01, 1.16050308e+02,
       8.01078262e+01, 5.40944099e+01, 8.05577240e+01, 7.90091476e+01,
       8.09717102e+01, 1.04157959e+02, 8.13871078e+01, 1.28634064e+02,
       7.02756653e+01, 4.12172165e+01, 7.07978821e+01, 6.67499008e+01,
       7.12506638e+01, 9.17265472e+01, 7.17627792e+01, 1.16530121e+02,
       6.08639679e+01, 5.39462967e+01, 6.13588676e+01, 7.90722885e+01,
       6.19268265e+01, 1.04457237e+02, 6.24507294e+01, 1.29198349e+02,
       5.07550850e+01, 4.09625206e+01, 5.13387413e+01, 6.66559982e+01,
       5.19047890e+01, 9.20140991e+01, 5.24854851e+01, 1.17082199e+02,
       4.11201286e+01, 5.38223724e+01, 4.17159004e+01, 7.91677628e+01,
       4.23939629e+01, 1.04767479e+02, 4.30072441e+01, 1.29846085e+02,
       3.07574081e+01, 4.06096840e+01, 3.14602165e+01, 6.66434937e+01,
       3.21168060e+01, 9.23064041e+01, 3.27810745e+01, 1.17734169e+02,
       2.09635544e+01, 5.36694908e+01, 2.16405258e+01, 7.93074951e+01,
       2.24501610e+01, 1.05090958e+02, 2.31619396e+01, 1.30571899e+02,
       1.04036360e+01, 4.02563248e+01, 1.11670341e+01, 6.66267166e+01,
       1.19173231e+01, 9.25746307e+01, 1.27051220e+01, 1.18315681e+02 ]
   - [ 1.25231804e+02, 5.55640984e+01, 1.22473366e+02, 8.03133469e+01,
       1.19751007e+02, 1.04872849e+02, 1.16975494e+02, 1.29038818e+02,
       1.14754433e+02, 6.59769897e+01, 1.11993736e+02, 9.05441360e+01,
       1.09268875e+02, 1.14891273e+02, 1.06639915e+02, 1.38966568e+02,
       1.06926697e+02, 5.14800873e+01, 1.04159042e+02, 7.63140564e+01,
       1.01597397e+02, 1.00764877e+02, 9.89766998e+01, 1.24978935e+02,
       9.63354645e+01, 6.18598366e+01, 9.38518295e+01, 8.64151611e+01,
       9.12087708e+01, 1.10835014e+02, 8.87466507e+01, 1.34743927e+02,
       8.85034180e+01, 4.74607735e+01, 8.59660797e+01, 7.21863403e+01,
       8.34199600e+01, 9.66974564e+01, 8.09769821e+01, 1.20598625e+02,
       7.80702286e+01, 5.76321945e+01, 7.56477280e+01, 8.23417664e+01,
       7.31421585e+01, 1.06581177e+02, 7.08201675e+01, 1.30681992e+02,
       7.01245422e+01, 4.30610847e+01, 6.77855606e+01, 6.80807800e+01,
       6.53354416e+01, 9.26555862e+01, 6.30125389e+01, 1.16529945e+02,
       5.98473816e+01, 5.36153603e+01, 5.74693413e+01, 7.82153168e+01,
       5.51354027e+01, 1.02597488e+02, 5.29368324e+01, 1.26614380e+02,
       5.18606682e+01, 3.90293541e+01, 4.95392761e+01, 6.37557907e+01,
       4.72612534e+01, 8.82222290e+01, 4.50721054e+01, 1.12425728e+02,
       4.15590858e+01, 4.91935577e+01, 3.92894211e+01, 7.39859009e+01,
       3.71433296e+01, 9.84590912e+01, 3.50208931e+01, 1.22503067e+02,
       3.34864349e+01, 3.47267761e+01, 3.13047657e+01, 5.96359634e+01,
       2.91771793e+01, 8.41889267e+01, 2.71629944e+01, 1.08391525e+02 ]
   - [ 1.22726288e+02, 6.90529785e+01, 1.20431984e+02, 9.38878403e+01,
       1.18166779e+02, 1.18362137e+02, 1.16023987e+02, 1.42225418e+02,
       1.12240486e+02, 7.95023804e+01, 1.10158623e+02, 1.04383514e+02,
       1.08044701e+02, 1.28565811e+02, 1.05966125e+02, 1.52670029e+02,
       1.04166222e+02, 6.55572739e+01, 1.02101120e+02, 9.02960587e+01,
       1.00021408e+02, 1.14671898e+02, 9.79866180e+01, 1.38907440e+02,
       9.39376373e+01, 7.63671875e+01, 9.19311523e+01, 1.00936584e+02,
       8.99463959e+01, 1.25201057e+02, 8.80035172e+01, 1.49189972e+02,
       8.57920151e+01, 6.23541832e+01, 8.37685852e+01, 8.70107651e+01,
       8.18737335e+01, 1.11528976e+02, 7.99348679e+01, 1.35335968e+02,
       7.54806747e+01, 7.29424820e+01, 7.36568375e+01, 9.75846252e+01,
       7.18406448e+01, 1.21870476e+02, 6.99392395e+01, 1.45781128e+02,
       6.71600266e+01, 5.86453552e+01, 6.53349152e+01, 8.36204910e+01,
       6.35924797e+01, 1.08101173e+02, 6.18142166e+01, 1.32011536e+02,
       5.70456810e+01, 6.94760437e+01, 5.52780724e+01, 9.43760300e+01,
       5.36167412e+01, 1.18699257e+02, 5.19440346e+01, 1.42386932e+02,
       4.87211113e+01, 5.53656349e+01, 4.69638977e+01, 8.00770798e+01,
       4.52678299e+01, 1.04639122e+02, 4.36942902e+01, 1.28815384e+02,
       3.85496597e+01, 6.61989899e+01, 3.69772148e+01, 9.06640091e+01,
       3.53322105e+01, 1.15099762e+02, 3.38747025e+01, 1.39178848e+02,
       3.00681362e+01, 5.19997520e+01, 2.84616718e+01, 7.69657974e+01,
       2.69911404e+01, 1.01254929e+02, 2.55153637e+01, 1.25467110e+02 ]
   - [ 1.07949295e+02, 6.13036652e+01, 1.06638008e+02, 8.39525299e+01,
       1.05578690e+02, 1.06024689e+02, 1.04398598e+02, 1.28395554e+02,
       9.92358170e+01, 7.14788818e+01, 9.80195084e+01, 9.44248199e+01,
       9.67521591e+01, 1.16665169e+02, 9.56456451e+01, 1.39064865e+02,
       9.14575119e+01, 5.92535553e+01, 9.02842102e+01, 8.21371078e+01,
       8.91131973e+01, 1.04885056e+02, 8.79172897e+01, 1.27475075e+02,
       8.23020325e+01, 6.96683502e+01, 8.11748199e+01, 9.29414444e+01,
       8.00299988e+01, 1.15787666e+02, 7.88568649e+01, 1.38512131e+02,
       7.41858292e+01, 5.67050514e+01, 7.30617828e+01, 8.00958786e+01,
       7.19740219e+01, 1.03871460e+02, 7.08703613e+01, 1.26810883e+02,
       6.47845001e+01, 6.75339737e+01, 6.36870537e+01, 9.11043167e+01,
       6.25251198e+01, 1.14635063e+02, 6.14654732e+01, 1.37987167e+02,
       5.62085838e+01, 5.44022675e+01, 5.51016273e+01, 7.84383545e+01,
       5.40498619e+01, 1.02275330e+02, 5.29955559e+01, 1.25948761e+02,
       4.63766022e+01, 6.51200409e+01, 4.53172035e+01, 8.95386581e+01,
       4.43347702e+01, 1.13554375e+02, 4.32260551e+01, 1.37447571e+02,
