%YAML:1.0
Mat: !!opencv-matrix
   rows: 3
   cols: 3
   dt: d
   data: [ 9.9838981520195080e-01, -8.6348464962470086e-03,
       -5.6064394467441395e-02, 2.1876209341065282e-03,
       9.9347211799323643e-01, -1.1405421993368554e-01,
       5.6683253396953862e-02, 1.1374792391959997e-01,
       9.9189133406251595e-01 ]
