%YAML:1.0
Mat: !!opencv-matrix
   rows: 3
   cols: 1
   dt: d
   data: [ -1.7024621242973382e+02, 5.5410239663324823e-01,
       3.1600792844797443e+00 ]
